991298
853062
862485
842496
991299
771214
890485
821254
792121
992209
772804
881518
841845
890175
852695
863365
821273
832687
842509
773120
990566
990745
762253
782295
992645
992644
840683
830516
922050
970251
843554
874069
894486
997520
997561
997516
831330
991184
850384
580014
753150
885896
772791
832704
830931
792460
852784
812344
851870
841934
831203
821447
712682
812330
792456
861682
760076
860757
822295
992497
992496
841949
992275
712235
841173
842814
993000
743036
801886
870669
992361
820798
852708
820054
991352
990481
530301
995818
991088
911484
941244
992210
991183
743271
730619
881077
753589
992009
610402
801922
980022
990243
930803
851349
990739
842481
832649
772819
992728
830874
842566
830855
841811
862714
871874
762573
822312
733528
880774
822505
853081
651879
991295
991704
831684
871342
883890
883814
842547
861548
830925
750037
701257
872398
842551
802272
782628
990704
15
853077
630035
630497
650734
670827
690772
690765
702572
650310
660685
670812
680890
680848
680833
681963
680871
690727
690750
690731
690746
863379
690784
772823
870273
820069
701156
840236
990252
861533
851279
991029
990966
861675
762588
800883
831222
842585
990780
991977
904832
811388
843446
903505
993094
863401
860723
782736
875678
762215
782740
703255
991903
840240
842590
721395
620476
850295
833054
840310
840332
840344
840359
833232
991822
870833
840518
800192
991881
990982
992087
991669
992294
991297
840132
991054
992362
861825
950370
903524
995697
902019
932211
991561
754331
992545
991304
990784
992538
862269
991711
781714
992408
960122
992044
814424
991468
950474
997014
990291
835702
991200
993077
793961
905642
814104
991224
895915
991926
704205
990815
921838
891447
821945
812382
761782
811854
992049
713755
991205
991194
941091
992223
811356
990416
830501
882154
991002
812058
896456
992024
992387
992022
992041
992834
992783
992776
992782
992791
992923
992826
992956
992571
992825
860091
992781
992978
992941
992942
992790
993001
992785
931632
921698
821165
911573
992809
992832
992922
992864
992939
992798
992784
992842
992808
992602
992633
992634
992797
992931
992786
992924
992841
992770
992777
992821
992775
992802
992947
992780
992608
992643
992803
992661
992656
894950
885286
772378
802380
792189
921414
900899
993417
997056
991146
991236
992541
992099
990914
993410
993187
990588
992039
991337
992045
992425
992180
991736
990687
991735
992540
992421
991414
992415
991842
990833
991338
991511
992297
991865
993404
990952
991597
931261
980215
980198
992101
990928
991864
991904
991653
992085
991902
991607
991145
980126
991638
913634
902644
921397
794061
684501
992196
871821
990251
991654
991566
991253
991440
980111
793800
762963
896335
820355
992689
991985
990431
992170
991285
820364
990296
990283
991502
882101
723206
992969
850312
970270
990791
970285
991612
990888
991413
991924
995174
992242
991482
991752
991453
991427
992617
992616
992615
990746
990528
846020
993689
873193
804244
991601
891986
993061
900155
991698
905765
896392
991407
991433
991731
672790
991533
990976
992374
621110
882065
811916
910392
993451
802268
840679
991581
853274
991330
992302
992188
991075
996968
992225
993572
993080
993988
995868
995778
995714
995726
992399
995539
995184
995572
970196
992879
992512
992138
992139
993390
993391
992934
992920
992800
991528
991543
991816
991775
991347
991345
993550
994667
993890
993889
991598
991346
992030
993307
991695
992799
997529
992427
992624
840255
824939
832352
850030
884342
990207
850083
783955
996823
885932
794254
804225
991826
992172
781875
734060
754187
763608
773953
814027
843268
850134
860719
870439
883000
901430
997033
774246
814195
970139
991610
991319
880159
905676
992393
992504
913757
991953
990819
990498
990751
992069
992213
991563
991627
992810
876647
910636
904813
997447
904194
992286
980018
992737
980183
997527
723865
992186
23
911200
992236
980164
991237
991412
991603
991692
991790
992369
913723
932207
992054
876632
950262
970035
991611
994802
992778
990081
992250
980107
991071
872985
991316
992059
922794
932071
992179
991853
992254
991452
905349
990464
913850
950463
980179
991582
995495
991696
991343
810283
991785
991180
991315
992235
992244
842015
991072
950510
991955
992326
992136
991258
990782
990876
993899
991318
990494
119
990381
990285
990575
990508
994537
994363
991311
991313
991312
932258
991317
992738
992317
922686
991999
992233
992662
992047
970020
991564
950328
932226
913583
990747
990813
940877
991179
886899
991445
991434
832263
911450
996209
994299
870212
995794
995793
994134
995792
992889
992929
997115
997232
900140
992013
821911
992347
990426
991728
993004
994000
993026
894679
992245
992583
992234
781771
992341
990435
992008
992146
992011
892404
997644
992217
992400
991937
992323
991631
992160
931384
991888
992117
991890
992308
991530
991259
991083
931825
905888
992158
991264
992207
940881
997510
992182
734018
994179
992428
992132
991970
992038
991579
991576
895008
821292
851368
921664
990437
901111
891327
886013
997683
992151
841671
895826
993011
864495
993326
992100
994663
842674
851851
841686
921787
990578
895830
991023
791561
990232
825081
992040
991525
896509
832225
992411
991950
993386
992227
862199
931238
732826
992418
820139
991764
912595
992097
732074
992098
881683
991524
991059
921433
991481
910176
991048
674715
641542
920661
991739
991749
840912
995891
830588
832628
820181
870072
851438
830075
780270
873946
830662
842316
860738
992149
860742
842049
852820
810141
991432
991661
990315
804437
920587
863126
890517
991673
791148
790319
861506
992287
931755
882239
882262
991913
802130
800455
901045
991354
862146
843126
992372
995892
875521
811943
824905
902945
881946
780675
991589
753432
851692
900070
882544
993103
861497
931172
990460
990838
801566
781061
900263
992896
904003
991971
992228
931690
932141
793957
991078
990836
860691
881537
993008
990799
886795
992627
992919
994077
991599
994065
922084
992264
831843
990548
861745
701940
852981
902023
992417
992102
825397
992298
774373
920426
911084
794447
992220
940449
831818
842903
842922
853359
863990
875555
884126
886032
904828
894658
910246
791190
911145
922510
992124
880163
886441
852341
992532
812077
990405
842301
861707
990458
911198
997672
920159
931514
893750
996151
831701
994059
990555
992292
732393
991798
682400
990650
742669
922559
880869
993078
992032
991390
990663
911150
991659
802427
990374
902540
990954
790658
772043
873719
814265
992605
993661
992714
991235
783940
794201
991877
825170
990371
990891
990785
991163
865846
854972
910443
781080
874073
991102
996222
970232
990350
791167
991061
990951
991111
991778
992993
845916
784021
930396
930907
824892
734272
990505
855369
990542
862663
900047
872538
804545
862288
852680
841281
912858
783885
842250
913615
993445
991886
991702
991844
87
991668
774392
673280
822492
824888
991690
853109
994671
900598
801227
861270
792367
880214
791740
995910
801602
830323
990367
991384
781733
781729
791631
641557
993025
820730
991275
992852
800296
992168
873899
875875
872082
683530
741492
741469
991652
642371
880521
991658
990334
851777
851245
992873
871997
990845
742851
997456
791928
991392
991060
692366
991388
992680
763650
812113
876305
993064
702464
814388
731979
931967
790060
991374
860168
992957
992246
791627
932315
804164
840490
940561
723070
781131
990385
811958
832653
990396
762272
990668
692845
930748
990449
993019
950402
990436
905017
932181
801585
894664
991077
996735
710032
990359
611161
931505
835810
825166
835839
846073
866005
931539
896087
845831
990675
930023
930625
825185
991592
804259
992746
850736
890860
843408
810635
886206
871465
921058
996736
721573
855176
804047
990556
682218
631593
860872
720477
994585
880040
990595
722311
743110
820213
732602
734319
990594
866194
801570
893500
992395
990727
904993
992962
930146
995705
762677
992005
822755
910458
861567
890589
763720
991276
850191
831491
900988
851419
991615
852869
993353
993070
810476
882510
800313
990886
104
990459
863952
994201
762592
991636
993409
990749
912839
910462
913719
861389
991628
993613
910640
651703
893892
910585
772039
860174
711285
883829
762094
835647
845827
990708
990740
921236
842513
831190
651652
841690
996397
991323
820507
931577
841142
840096
794184
830060
890199
991426
903789
993378
851048
730454
991329
993528
763824
744147
794112
851353
880233
682398
811017
993549
866185
853575
811159
991984
790126
922076
931129
931492
991660
892476
831561
903435
992804
995888
993995
990743
992585
992895
895775
631150
851584
721268
991107
991519
920267
911287
990802
991866
852360
810885
863863
760296
811962
774405
992531
990742
922826
993002
730233
781589
996536
970162
922756
991363
891558
990427
992565
992319
992528
992530
992211
992563
992212
992564
992529
992320
782312
881927
811069
940491
871361
880657
903115
970112
703999
744166
763542
771055
773900
774072
803843
811318
811322
811337
811375
821358
821377
821317
821362
802677
990378
991367
991398
991169
794146
990861
991082
784318
991634
751348
761091
771134
790997
860047
913653
990483
896597
991405
991176
991150
991406
845935
991267
905534
752919
905553
760192
751668
992522
832371
930697
997135
800671
845969
970105
991982
992036
835825
992106
992683
921946
884060
881650
870778
990795
744195
734361
842782
992755
992759
992700
992760
992701
992756
992702
992757
992703
992758
992811
992704
992705
992706
992812
992813
992814
992815
992816
992817
992818
872970
990906
734003
992726
991958
992431
992745
993513
991959
992445
992869
995160
997645
990147
931558
830164
892480
991189
803909
813116
793603
930019
814369
570915
870104
992935
843465
992526
992370
992410
885858
932137
992371
876543
991544
991557
991558
860348
990947
852746
930771
921306
992960
990719
870585
830056
894503
801591
994200
940928
820209
990695
855087
991947
992886
992174
821822
790395
990299
994989
920746
861800
752463
760281
922281
903172
770279
814142
811676
995609
995733
995911
990944
997518
992736
992888
851669
875856
822416
911130
903539
930880
930957
921804
913600
794235
992753
902240
850596
792047
743981
922370
740432
992356
991300
903577
752603
863698
991462
561098
804511
702642
830111
991389
991905
995761
863416
752425
781964
791817
991368
884639
940504
835859
702939
651722
871323
875786
894683
753201
770118
440035
950313
763699
866018
731448
662159
731583
742813
992316
991046
824847
752228
863647
891454
851118
865816
770885
800559
833270
920500
930638
991964
782030
890964
832259
822127
852849
990307
732898
812471
994053
763449
921096
990680
991375
992230
893144
920657
994915
850690
690106
950078
993354
841154
992368
890945
741346
991435
992219
992426
884658
950154
752361
990689
905770
741350
741331
861798
751579
852801
991683
883956
990520
811430
741401
860949
742832
991539
992295
741416
792738
992265
994766
921503
852905
911291
990355
990224
992603
991265
743066
862377
900028
992435
720212
940913
876494
992684
871291
884107
885218
910903
791701
992754
992822
701832
902926
990720
996145
940078
930517
931543
991818
862131
991860
991771
810940
780209
792723
812537
831010
890201
990835
820266
891420
882864
993107
990551
886009
873066
835844
784131
992215
821771
960071
876348
990510
993397
831171
996828
820298
832916
720617
991949
931011
862095
762751
640380
892512
880680
873418
994074
801551
793891
992051
992977
911183
754168
865695
886278
862521
991535
900901
772880
992381
970088
761871
852553
804174
673172
880587
861552
992367
835863
780711
802323
852387
772626
782327
903878
997344
810546
990905
886598
990748
873278
865943
876481
672339
931863
702214
870725
674423
752181
911107
880426
876460
893055
830227
875803
892067
922544
990839
991378
802198
995574
850350
997274
991199
876596
843075
841652
992766
873550
884080
732811
941168
990805
702267
774180
784322
824801
992622
783974
782416
913174
893040
940345
930057
896104
931952
860437
855049
832757
840787
792494
991257
734291
931774
992389
992193
910867
801987
791665
991032
910123
866039
920981
846213
992544
994800
890339
931365
843592
993115
990733
901497
996245
991178
813972
940665
790338
992053
840128
932090
930945
835632
921607
931562
850026
842119
845901
850435
902493
742654
993281
903134
911304
850327
825062
801734
910655
991725
876671
860780
833001
870195
992640
712288
790179
941259
852375
992587
920483
885237
922142
932300
892576
992543
732205
814405
873687
782219
990832
753555
895953
801481
833143
835685
900456
894325
751757
991480
862184
910301
866221
810264
993985
920816
991207
922900
774087
792244
750947
841968
843477
810974
751278
780637
992108
900403
842975
992153
902911
990491
950239
811036
801744
890324
881999
750951
950012
751206
992385
930184
920549
902659
742283
932387
852394
992483
800143
921081
991664
992569
862767
830249
992135
931740
996512
840804
852464
851283
896250
901618
876685
690197
723757
990925
992352
992751
990584
892423
910104
763909
720797
560190
894236
782897
990697
831167
950050
940743
862019
990109
980130
990043
930305
997340
851090
852892
820088
911395
822399
742866
950243
990466
840170
910617
940947
821220
892457
854968
990812
992671
910477
865835
810175
994767
840522
731407
990672
840842
733049
991986
840857
862339
991286
990678
840409
760775
991249
792776
992076
851175
876558
900973
940996
772109
991783
991159
863929
902521
990401
842348
820980
712678
990339
852453
992094
794305
862343
863115
921734
991675
883034
853452
850952
792653
992344
802215
960090
992416
863793
762056
992819
882578
781574
993034
762126
855279
784479
890521
993442
800046
53
992299
852657
832244
931030
1730
876628
845865
681516
991044
860066
872580
990690
832278
850933
782596
740150
170019
875004
792598
920040
792085
896161
811888
991915
992306
991933
995588
995782
993032
995696
991740
896246
832723
880197
260018
997622
841120
850505
991747
991514
931308
993123
790728
921332
993079
991656
991707
911022
941189
885294
784445
772010
880125
992252
892546
880638
992224
991106
992324
992327
992328
992330
992340
991784
992304
901035
900121
990900
742758
990965
674635
860441
876651
991532
811977
900169
992664
997290
892442
993675
993674
810531
886481
651559
991968
860210
862042
990818
991356
997265
931153
990434
992742
992249
900032
922703
882537
853166
992954
991650
723973
870020
992358
751070
841050
732474
990476
991646
991038
893869
814335
990631
721164
801918
990946
842848
991027
853217
995471
801415
812378
991162
774335
810245
830094
993104
991857
843224
734041
991522
992730
992293
850810
782115
811407
940542
992593
880106
893568
892387
790535
835242
992446
760277
992237
831928
990679
930593
831059
851993
900422
922525
997268
940330
991225
950493
904936
821644
910782
862150
990774
761886
990619
931488
991604
991605
991074
994058
991381
992999
991624
991372
990625
991355
913628
631184
931187
681978
831186
743214
991007
820247
744363
991839
992845
993031
991618
731081
885241
994060
992456
990935
996779
992383
992414
896015
824913
703842
992477
922934
896025
905820
893529
992479
992478
992480
905360
905375
910994
991499
992481
894607
997675
712199
905835
894594
991665
992663
821432
744043
893515
790183
832032
994765
852356
860992
770029
993667
860121
822100
801053
821451
821875
800582
780656
991750
800262
743089
841667
991688
870301
801320
843395
930682
991682
991835
991922
993395
993392
996340
996341
996562
996563
996566
996567
804140
997490
771341
991788
860969
852638
884056
875983
870246
600542
811892
774208
992586
991261
791735
991327
991497
870424
825077
862061
872260
892550
893623
893905
930875
931115
773854
824746
830018
794076
892334
894823
903609
912928
931469
931454
990128
744261
802588
960230
992204
912824
881626
860920
994066
990628
997686
932442
941206
990511
784464
891115
990820
940769
941013
932457
995678
940985
940932
903420
910072
932404
990731
892531
996827
902108
921221
991520
833340
992989
876225
892438
997464
822897
991921
991718
991617
901139
885063
991921
991718
843037
680265
940677
742086
770298
992725
991657
991248
723776
896284
895991
774142
997592
886403
886935
992394
992436
992437
992438
992439
992440
992441
990703
893093
632609
994612
991686
992261
921132
804102
800169
940186
990591
992696
910049
990899
794362
821343
861363
845884
930704
992318
997526
850399
861035
862201
870528
894838
720424
720439
750326
770349
793035
780266
803754
790361
820444
830592
830022
840452
840467
850581
850609
862466
884319
901529
903492
990577
990676
990801
993029
993028
993030
993027
711088
892654
920182
730248
990332
910424
900117
854900
870320
875502
851207
893771
993377
930381
810781
922205
993017
991935
991595
891952
682449
750148
762535
781377
904847
790431
802126
850577
882922
991227
866170
841741
990714
921448
902555
991233
804329
825382
810461
992015
865820
842602
851577
993424
900865
792329
993098
992686
794199
862413
843376
802501
792314
865905
890220
720602
910481
940190
893873
990983
830412
990948
996889
991551
863312
892014
734475
732830
870208
900235
830427
850098
871963
860973
794127
803970
814000
814123
835721
835967
990206
854987
886865
886884
876695
886901
886780
784106
896180
896481
896344
922648
941085
855345
754416
990430
792511
990518
652138
642456
992354
825274
902061
800309
931416
751634
996204
896617
905356
905445
990934
996893
876066
886564
922879
992676
862127
754454
991489
784411
711798
860032
990587
992392
991952
831152
921359
853382
794432
991630
991703
830799
992080
830499
692347
831103
872218
881170
990589
852411
993003
872326
901552
902955
921895
992376
995907
993018
921013
911569
930822
991242
991216
991243
703895
991459
991620
991331
991332
991334
711181
831896
990227
720528
893553
992110
774157
763383
851531
800690
862254
900367
893854
800614
993609
997589
991801
991246
991105
991837
991871
991834
880873
830643
992677
814412
804507
905483
781019
920144
881965
875313
992463
996863
992161
782488
722487
782238
993512
771322
792206
990959
870566
723600
991447
991475
991529
832437
992079
991965
997324
993048
822280
992805
992412
782469
991649
702229
910091
822512
993439
993012
832530
993282
991140
991185
931331
893820
910021
780660
921522
875818
921325
993338
900873
992238
990225
990477
872294
905407
991025
991488
997339
912970
920905
883994
771958
940275
940487
824820
991869
991674
800351
991569
600063
730750
992203
990397
621452
680405
910778
843516
835929
732192
810644
772556
990822
901410
741736
672165
882915
992113
993116
991477
992114
991049
993505
990645
991014
900189
995662
991976
992715
784163
820683
991567
910547
992346
991633
991670
920093
761710
782257
800065
892071
992953
992447
832333
911268
730553
861641
853185
840448
800116
990538
842161
791025
712377
900193
992762
872400
852229
880455
932103
902254
993452
763468
880604
872754
812170
990455
997684
990627
800756
990621
990715
992904
821748
782473
940595
750063
941174
902317
860418
992291
862678
991494
782223
860403
750133
872542
893799
990317
810194
820656
871253
870551
721732
822242
772406
886831
892527
861938
853306
852549
931045
991786
740112
896212
910566
832102
865801
831487
992630
992128
830658
885364
832329
821174
782435
920233
992173
851067
873579
990870
903083
904851
993548
830639
883049
921486
832884
814138
800370
992628
992651
992997
992552
992333
752482
990533
865727
992247
810688
990853
991550
990532
992289
895262
845973
931280
810404
950578
842157
804352
850755
930536
990844
990641
991215
991283
990744
990851
990868
990985
991090
991100
991153
991474
880389
782670
791646
852445
990973
852290
912627
814320
995483
921217
992721
881240
861957
863717
990927
910320
995571
996342
993151
871889
702248
682025
743318
620895
992084
781273
763631
991231
891079
802164
863524
905528
993095
855015
990938
991070
991722
991782
991946
801208
922277
991723
992216
730182
990398
991387
912449
990530
782717
872379
940082
991399
990242
994001
846270
781216
921113
761443
901622
810599
992828
791355
997524
991201
992623
890108
810349
841296
672432
792225
900348
992688
10017
990393
990295
800775
861779
810014
704099
781569
991314
540214
773991
991546
991793
991833
991547
992861
992890
992332
992893
791993
990386
902095
991476
900051
920765
841046
913314
873920
993082
921645
930273
993083
810442
994803
802003
851688
997530
852816
991009
753235
991746
991997
992035
990204
772838
990593
896424
991828
922440
894581
901158
990236
833336
992749
993009
994736
712714
754420
843588
891577
992133
733412
990492
851796
812306
992868
674495
992386
742777
802179
910744
863914
991247
794108
991182
991992
802478
793815
793618
803881
803896
803557
803913
811267
822793
850562
91
994595
793980
851866
840880
992334
996919
820942
992984
822908
992419
992066
990433
800120
702375
855000
993051
870091
992691
992690
991491
876666
920553
825359
992972
923029
991560
996513
992016
872646
991181
995647
752891
997238
892692
996722
996831
993093
996830
991175
885222
824835
874340
802145
722398
732718
742796
772486
801937
812236
832742
853128
862635
881062
991448
825240
890127
992846
792193
761744
780228
890502
992699
873009
995890
922027
992659
993087
991263
997241
770283
990309
990310
992325
990485
995630
851476
882987
990389
790323
801509
782153
691861
843198
730464
830535
830546
842528
842532
853096
862822
853325
863948
875663
885881
886102
895474
896458
896068
740324
772414
840113
850308
780016
992266
992267
992482
694319
992649
992650
870744
900437
790198
822187
822172
875536
990480
712254
712019
722241
722203
732493
732690
863670
871978
875170
880464
883104
890837
886210
894700
992248
992348
992305
992205
882046
863740
873282
621036
880854
893125
901980
781625
886305
890019
772147
791608
822083
843272
841510
863191
841826
863350
871959
874336
790465
752707
722379
763612
772448
822577
692402
740240
992075
991920
992078
992077
992074
910693
920676
992140
990346
996394
990664
994727
740822
731490
811360
993010
862112
990351
835717
872735
812289
835539
835261
835257
846035
853594
865765
876096
673647
992177
804278
842941
991590
991273
992713
833552
886422
802465
850670
732347
990531
932118
991218
931721
931327
791345
761937
993085
993086
921541
921908
791326
886475
896231
866202
896320
886437
905591
876136
991647
990537
991542
922563
930678
890606
820514
930432
992335
991962
762427
680161
851404
820035
991779
822666
732385
991450
990909
890112
991884
671393
991568
930201
821023
990798
992155
992303
782399
992657
990635
940720
997457
993545
993683
790874
980249
703977
920820
992518
721446
884338
742743
770940
825404
804117
992262
992029
921728
843520
931933
991787
885580
991506
860954
990514
991907
850543
872561
992026
992582
872275
853255
921560
861482
821659
991101
991635
991168
990602
894537
940735
871864
870250
910087
622166
990512
920619
930752
991780
990504
990517
720161
902502
820251
920731
841313
940281
721323
991230
993446
990926
994490
991824
990910
691043
940699
733180
894240
911060
912307
903512
812043
863331
996764
991737
992349
862038
814458
875574
894645
832795
991076
992290
991158
992310
882953
900259
990854
852623
863628
992597
992311
991065
991118
990857
991064
990858
991142
991232
832969
860935
991825
920356
940311
876333
990620
950116
711815
792210
891990
822524
990968
993092
990490
861251
992734
841775
760347
992880
990395
996918
992976
682203
997054
996537
914035
995123
990506
995124
833459
831966
990639
865869
990656
940222
992520
855157
991033
814246
870509
996819
994057
993049
991862
920456
991287
900092
992063
993832
994396
994728
911499
860206
991188
992280
992281
992384
920137
992229
997525
722190
801496
990794
991619
993023
754350
940398
990569
992592
990535
990916
930856
970247
991772
841648
881128
893089
990669
825202
894471
803947
993419
901124
992199
873776
992454
990701
994317
992457
792308
990058
791114
921077
693411
691838
712983
722415
671995
760084
781165
820815
832475
830802
682114
901957
885059
993084
991161
853197
840433
872063
876519
865981
843183
992296
992560
994024
882205
990364
876140
992568
851071
991040
920958
832422
832672
763735
774138
840651
932122
812397
731397
992345
990933
885843
990881
921585
930998
992191
793872
950506
993159
993160
824708
991208
910034
846317
991386
992027
820675
870265
886136
721272
990523
990829
991173
990600
841099
832028
994526
990662
930235
991451
885379
905731
990814
851156
930470
652725
940167
751371
991301
991527
863346
732686
922972
960194
992162
997153
780363
950421
840772
762817
742550
863420
940171
876475
992787
990515
990957
744289
885913
820478
922012
902112
990633
991817
993097
990736
922099
992028
993081
990850
850346
822308
835952
810620
992458
992407
991748
990609
991043
993610
993430
993431
992048
993438
994048
991053
990573
990924
912966
992269
832309
882224
835295
846336
990711
995659
885877
991063
992184
811905
991274
843412
782168
893784
862108
992285
991471
991147
990580
990308
880623
992046
992130
991516
950027
992406
922173
991875
992621
991455
991015
991013
901571
911501
862173
950210
812185
930199
863825
744058
853043
904796
992567
631748
997030
991983
843304
852534
831519
920089
901904
993993
791773
652665
902466
921931
821998
812274
811924
811939
842710
992453
991490
950065
991486
790499
790611
832232
991583
821983
990859
744429
991010
862216
990611
794220
893816
831542
992768
991473
990741
930061
773046
991883
793904
824943
992142
792795
673168
865939
860487
781644
886047
773845
991069
991296
794288
993091
992343
992154
991848
993437
810616
996892
996737
771036
990585
991767
992109
994121
997453
931948
997235
997233
994584
992748
997234
997449
991811
997450
992307
994122
992807
997451
991810
991930
841830
992405
671406
913691
791877
922629
861622
902362
902292
991929
650147
991642
772058
991172
903774
873973
822007
870034
852765
930466
921984
893765
852962
744448
852642
670441
992359
921970
991309
693458
990940
990941
913309
990939
991310
990800
990942
990793
905430
905426
905411
790380
842091
772927
930409
550172
790893
991621
990473
831097
990699
860507
990062
772081
991712
990234
881151
831792
871516
753061
